list(num = c(3, 3, 10, 4, 6, 7, 6, 6, 6, 6, 
5, 5, 6, 6, 6, 5, 5, 4, 5, 5, 
6, 6, 5, 7, 7, 8, 4, 6, 4, 6, 
8, 6, 6, 5, 4, 6, 7, 6, 4, 5, 
6, 5, 6, 4, 5, 6, 7, 5, 5, 3, 
5, 6, 6, 4, 6, 6, 7, 4, 5, 6, 
6, 5, 4, 7, 6, 8, 6, 6, 6, 5, 
7, 8, 7, 7, 6, 6, 6, 7, 8, 6, 
6, 7, 4, 5, 5, 2, 6, 8, 4, 8, 
6, 7, 5, 5, 7, 6, 5, 8, 7, 4, 
4, 5, 7, 5, 5, 5, 6, 6, 8, 6, 
5, 6, 5, 6, 4, 6, 6, 8, 6, 6, 
6, 6, 7, 7, 4, 6, 5, 5, 2, 5, 
6, 8, 3, 9, 4, 5, 8, 7, 4, 8, 
4, 4, 6, 5, 7, 6, 7, 6, 5, 5, 
6, 5, 8, 10, 9, 8, 4, 9, 6, 4, 
4, 7, 6, 6, 7, 7, 6, 6, 5, 6, 
4, 7, 6, 5, 6, 4, 4, 2, 6, 7, 
5, 7, 5, 6, 4, 8, 6, 8, 4, 4, 
8, 5, 5, 7, 5, 5, 6, 7, 5, 5, 
7, 6, 8, 4, 6, 6, 4, 5, 4, 5, 
6, 7, 5, 7, 7, 4, 6, 8, 4, 6, 
7, 6, 6, 7, 6, 5, 6, 5, 5, 7, 
7, 8, 7, 6, 6, 4, 4, 5, 7, 3, 
3, 8, 4, 4, 7, 6, 5, 5, 6, 10, 
7, 6, 5, 6, 5, 4, 7, 6, 5, 6, 
7, 6, 5, 7, 5, 5, 7, 7, 5, 3, 
9, 4, 4, 7, 6, 4, 7, 6, 6, 5, 
5, 3, 4, 6, 8, 5, 8, 6, 3, 4, 
6, 5, 4, 7, 5, 7, 3, 5, 6, 4, 
5, 5, 4, 8, 6, 5, 7, 5, 3, 6, 
6, 5, 4, 3, 5, 4, 12, 7, 4, 3, 
4, 7, 6, 4, 3, 7, 5, 3, 6, 6, 
4, 6, 5, 4, 7, 8, 5, 7, 8, 5, 
3, 7, 4, 6, 5, 8, 7, 5, 7, 6, 
7, 6, 5, 7, 6, 5, 6, 7, 7, 5, 
6, 5, 7, 6, 6, 4, 6, 9, 4, 6, 
8, 6, 5, 5, 5, 5, 3, 7, 6, 6, 
9, 6, 2, 1, 10, 3, 7, 5, 5, 5, 
4, 4, 3, 4, 2, 6, 7, 6, 5, 8, 
5, 8, 7, 4, 5, 4, 5, 5, 8, 7, 
4, 5, 7, 6, 7, 9, 5, 5, 4, 6, 
6, 5, 5, 8, 5, 5, 9, 6, 5, 6, 
6, 6, 6, 7, 5, 7, 9, 7, 6, 6, 
5, 4, 5, 5, 6, 6, 6, 6, 6, 6, 
6, 8, 7, 4, 7, 5, 4, 5, 5, 6, 
7, 5, 6, 6, 5, 7, 6, 5, 7, 3, 
11, 7, 5, 8, 5, 4, 5, 5, 5, 5, 
5, 4, 6, 8, 5, 7, 5, 6, 7, 7, 
4, 6, 6, 10, 2, 6, 5, 6, 7, 4, 
6, 6, 2, 7, 4, 6, 3, 6, 4, 2, 
7, 5, 6, 5, 7, 3, 8, 5, 8, 5, 
5, 8, 7, 5, 5, 8, 4, 5, 5, 6, 
2, 7, 5, 9, 6, 4, 5, 8, 4, 4, 
6, 8, 5, 5, 5, 6, 6, 6, 4, 6, 
5, 7, 6, 3, 6, 6, 6, 4, 7, 5, 
7, 2, 6, 4, 4, 6, 4, 6, 5, 5, 
7, 5, 6, 7, 4, 6, 5, 9, 7, 7, 
5, 8, 6, 6, 3, 7, 4, 6, 5, 8, 
5, 6, 8, 5, 5, 5, 5, 8, 7, 7, 
3, 5, 5, 5, 8, 5, 5, 4, 5, 5, 
7, 4, 4, 6, 7, 12, 5, 7, 7, 5, 
4, 9, 6, 3, 3, 5, 7, 6
),
adj = c(
346, 3, 2, 
346, 3, 1, 
623, 566, 564, 349, 346, 218, 117, 4, 2, 1, 
568, 566, 564, 3, 
486, 472, 466, 14, 11, 10, 
20, 17, 16, 15, 13, 12, 9, 
487, 484, 19, 16, 15, 14, 
485, 477, 474, 295, 285, 21, 
294, 287, 285, 20, 13, 6, 
18, 15, 14, 12, 11, 5, 
472, 461, 18, 10, 5, 
18, 17, 15, 10, 6, 
285, 21, 19, 16, 9, 6, 
487, 486, 15, 10, 7, 5, 
16, 14, 12, 10, 7, 6, 
19, 15, 13, 7, 6, 
300, 20, 18, 12, 6, 
17, 12, 11, 10, 
484, 21, 16, 13, 7, 
300, 287, 17, 9, 6, 
484, 477, 285, 19, 13, 8, 
188, 187, 175, 37, 27, 26, 
266, 78, 33, 29, 25, 
114, 112, 111, 74, 67, 32, 31, 
78, 69, 41, 36, 34, 33, 23, 
249, 246, 245, 188, 42, 37, 28, 22, 
175, 37, 35, 22, 
249, 42, 40, 31, 30, 26, 
266, 265, 33, 23, 
40, 36, 34, 32, 31, 28, 
251, 249, 116, 114, 32, 30, 28, 24, 
67, 41, 34, 31, 30, 24, 
39, 38, 36, 29, 25, 23, 
41, 36, 32, 30, 25, 
175, 39, 37, 27, 
40, 38, 34, 33, 30, 25, 
42, 39, 38, 35, 27, 26, 22, 
42, 40, 39, 37, 36, 33, 
38, 37, 35, 33, 
42, 38, 36, 30, 28, 
82, 69, 67, 34, 32, 25, 
40, 38, 37, 28, 26, 
60, 58, 50, 49, 48, 47, 
63, 59, 56, 54, 
198, 62, 57, 55, 46, 
62, 60, 55, 52, 48, 45, 
61, 59, 56, 52, 49, 48, 43, 
60, 52, 47, 46, 43, 
59, 58, 54, 47, 43, 
60, 58, 43, 
94, 93, 62, 60, 57, 
61, 55, 53, 48, 47, 46, 
206, 205, 197, 61, 55, 52, 
59, 58, 49, 44, 
198, 197, 53, 52, 46, 45, 
193, 63, 61, 59, 47, 44, 
198, 196, 94, 90, 62, 51, 45, 
54, 50, 49, 43, 
56, 54, 49, 47, 44, 
62, 51, 50, 48, 46, 43, 
205, 193, 56, 53, 52, 47, 
60, 57, 51, 46, 45, 
207, 193, 56, 44, 
166, 162, 158, 83, 81, 80, 79, 
82, 81, 79, 76, 72, 69, 
124, 119, 111, 84, 77, 74, 73, 71, 
82, 74, 68, 41, 32, 24, 
84, 82, 79, 74, 70, 67, 
82, 78, 72, 65, 41, 25, 
154, 84, 79, 71, 68, 
368, 232, 154, 84, 77, 70, 66, 
274, 273, 267, 78, 76, 75, 69, 65, 
621, 619, 614, 124, 119, 77, 66, 
124, 111, 84, 68, 67, 66, 24, 
274, 268, 267, 80, 76, 72, 
83, 81, 80, 75, 72, 65, 
621, 614, 368, 73, 71, 66, 
278, 273, 266, 72, 69, 25, 23, 
158, 154, 82, 81, 70, 68, 65, 64, 
268, 162, 83, 76, 75, 64, 
83, 82, 79, 76, 65, 64, 
81, 79, 69, 68, 67, 65, 41, 
81, 80, 76, 64, 
74, 71, 70, 68, 66, 
104, 103, 90, 88, 87, 
136, 96, 
103, 98, 97, 96, 88, 85, 
421, 416, 105, 104, 98, 92, 87, 85, 
101, 97, 96, 93, 
424, 196, 104, 103, 100, 94, 85, 57, 
148, 143, 102, 99, 95, 92, 
421, 416, 105, 102, 99, 91, 88, 
103, 101, 94, 89, 51, 
103, 93, 90, 57, 51, 
517, 431, 401, 145, 143, 102, 91, 
136, 98, 97, 89, 87, 86, 
103, 101, 96, 89, 87, 
136, 134, 133, 106, 105, 96, 88, 87, 
148, 142, 126, 106, 105, 92, 91, 
424, 203, 196, 90, 
103, 97, 93, 89, 
431, 416, 95, 92, 91, 
101, 97, 94, 93, 90, 87, 85, 
424, 421, 90, 88, 85, 
106, 99, 98, 92, 88, 
142, 134, 105, 99, 98, 
123, 115, 114, 113, 112, 109, 
628, 620, 122, 121, 120, 117, 
622, 123, 122, 121, 118, 115, 110, 107, 
357, 354, 347, 122, 118, 109, 
124, 112, 74, 66, 24, 
124, 123, 114, 111, 107, 24, 
118, 116, 115, 114, 107, 
116, 113, 112, 107, 31, 24, 
118, 113, 109, 107, 
355, 251, 118, 114, 113, 31, 
628, 623, 349, 120, 108, 3, 
357, 355, 354, 116, 115, 113, 110, 109, 
619, 609, 124, 123, 73, 66, 
349, 347, 122, 121, 117, 108, 
622, 620, 122, 120, 109, 108, 
347, 121, 120, 110, 109, 108, 
622, 609, 124, 119, 112, 109, 107, 
123, 119, 112, 111, 74, 73, 66, 
148, 140, 132, 126, 
148, 142, 134, 132, 125, 99, 
147, 145, 144, 140, 137, 
534, 147, 146, 140, 132, 
135, 130, 
538, 535, 138, 135, 129, 
146, 141, 139, 138, 134, 132, 
146, 141, 140, 134, 131, 128, 126, 125, 
136, 134, 98, 
142, 141, 136, 133, 132, 131, 126, 106, 98, 
139, 138, 130, 129, 
134, 133, 98, 96, 86, 
446, 443, 410, 403, 147, 145, 144, 127, 
538, 535, 146, 139, 135, 131, 130, 
141, 138, 135, 131, 
148, 147, 144, 143, 132, 128, 127, 125, 
139, 134, 132, 131, 
134, 126, 106, 99, 
148, 145, 144, 140, 95, 91, 
145, 143, 140, 137, 127, 
403, 401, 144, 143, 137, 127, 95, 
535, 534, 138, 132, 131, 128, 
534, 446, 437, 140, 137, 128, 127, 
143, 140, 126, 125, 99, 91, 
170, 167, 158, 154, 153, 
166, 159, 158, 155, 152, 
168, 165, 160, 159, 156, 155, 
171, 158, 155, 153, 150, 
344, 326, 171, 167, 161, 158, 152, 149, 
244, 232, 230, 170, 167, 158, 149, 79, 71, 70, 
342, 326, 171, 165, 161, 159, 152, 151, 150, 
323, 166, 164, 163, 160, 159, 157, 151, 
166, 163, 162, 156, 
167, 166, 154, 153, 152, 150, 149, 79, 64, 
166, 165, 156, 155, 151, 150, 
323, 168, 156, 151, 
326, 171, 155, 153, 
281, 268, 166, 163, 157, 80, 64, 
317, 281, 164, 162, 157, 156, 
323, 317, 307, 303, 163, 156, 
342, 335, 169, 168, 159, 155, 151, 
162, 159, 158, 157, 156, 150, 64, 
344, 170, 158, 154, 153, 149, 
323, 318, 169, 165, 160, 151, 
336, 335, 318, 168, 165, 
344, 327, 230, 167, 154, 149, 
161, 155, 153, 152, 
263, 262, 246, 191, 188, 184, 180, 
192, 186, 184, 182, 180, 179, 
190, 189, 186, 181, 175, 
187, 181, 174, 35, 27, 22, 
586, 191, 183, 180, 
190, 186, 185, 178, 
190, 177, 
192, 189, 187, 186, 181, 173, 
191, 184, 183, 182, 176, 173, 172, 
189, 187, 179, 175, 174, 
573, 572, 186, 185, 183, 180, 173, 
586, 573, 182, 180, 176, 
192, 191, 188, 180, 173, 172, 
572, 186, 182, 177, 
190, 189, 185, 182, 179, 177, 174, 173, 
192, 188, 181, 179, 175, 22, 
246, 245, 192, 187, 184, 172, 26, 22, 
186, 181, 179, 174, 
186, 178, 177, 174, 
586, 579, 262, 255, 184, 180, 176, 172, 
188, 187, 184, 179, 173, 
207, 205, 63, 61, 56, 
417, 204, 203, 202, 201, 199, 195, 
209, 208, 204, 202, 194, 
203, 198, 100, 90, 57, 
206, 202, 199, 198, 55, 53, 
203, 199, 197, 196, 57, 55, 45, 
203, 202, 198, 197, 194, 
209, 208, 207, 206, 205, 
428, 427, 422, 418, 417, 204, 194, 
208, 206, 199, 197, 195, 194, 
426, 424, 417, 199, 198, 196, 194, 100, 
209, 201, 195, 194, 
207, 206, 200, 193, 61, 53, 
208, 205, 202, 200, 197, 53, 
205, 200, 193, 63, 
209, 206, 202, 200, 195, 
208, 204, 200, 195, 
352, 351, 250, 223, 222, 
226, 225, 223, 222, 221, 217, 
228, 227, 224, 221, 220, 217, 216, 
356, 351, 226, 222, 214, 
356, 226, 224, 217, 216, 215, 213, 
359, 356, 348, 224, 219, 218, 214, 
224, 217, 214, 212, 
226, 221, 216, 214, 212, 211, 
567, 566, 552, 346, 224, 219, 215, 3, 
359, 346, 218, 215, 
